1525826704	12950597.4001	4803251.88061
1568876973	12963900.4466	4829431.9671
1550815658	12955612.086	4829840.38442
1525867076	12954789.2924	4826543.50913
1525974225	12947616.2317	4831535.98534
1525853628	12953704.0269	4820606.88702
1561701944	12951874.961	4831563.12012
1570011058	12964840.8728	4827145.37825
1541775806	12946280.9621	4811773.20924
1541630520	12953791.9925	4826849.2172
1526068110	12962997.9697	4833479.58027
1561648971	12962026.1622	4829736.92635
1545554977	12965908.1377	4831603.67777
1562548267	12954068.0456	4825306.66394
1525886687	12950839.7675	4838243.73953
1526011749	12957856.1778	4822596.47053
1526063143	12955079.6168	4825870.85766
1542159230	12967164.3473	4826567.30503
1525774308	12957756.7684	4839262.01205
1525850921	12953872.4996	4836571.60961
1541949589	12948540.661	4841018.02358
1548983291	12962281.3204	4826728.70237
1561807939	12966199.3527	4825704.73299
1525912323	12964022.0979	4827058.09764
1570002067	12950580.8244	4831438.90248
1525850929	12953791.9925	4826664.16625
1570013813	12965166.4969	4828662.23587
1568876416	12963899.634	4828988.65933
1525956307	12964567.3689	4828388.36898
1562559712	12980593.7206	4825977.02164
1549527930	12957307.7675	4828736.90714
1541794941	12975288.9106	4848767.0052
1570011355	12963297.0216	4829322.13608
1546411713	12963867.3176	4827258.23553
1525869633	12962198.3976	4829052.97936
1568876827	12958340.9572	4836916.6758
1541637909	12944482.732	4831719.62384
1525771237	12951906.7542	4830290.26762
1542158300	12965341.4931	4827037.79926
1570466134	12957134.7417	4829628.61036
1526068306	12957290.5127	4829439.08194
1525953093	12959587.9717	4818283.8558
1542128532	12966778.5543	4825345.83699
1525822130	12966793.3599	4826017.67187
1541999185	12969565.3345	4820061.97912
1525939574	12968799.5594	4834744.65716
1541628811	12948931.1184	4837260.06085
1570779171	12963866.4938	4827449.12429
1542125819	12960470.422	4824476.34767
1541643849	12948947.0595	4835463.56957
1526050593	12963750.4976	4835296.94968
1562567773	12965469.1779	4825490.53289
1567750763	12948948.7405	4816272.21133
1570004905	12953445.5959	4830760.66549
1526041001	12964552.3406	4827642.72049
1525929893	12951903.8598	4832171.12649
1570011266	12967165.082	4826601.03287
1538514711	12955125.5923	4823492.4435
1526068478	12957284.969	4829545.11097
1526040930	12958652.4547	4830434.60253
1567656324	12953265.2007	4826238.21535
1525856484	12948384.5671	4836269.21633
1525886309	12947102.1527	4845458.34419
1526068187	12958056.5996	4837972.58664
1525795663	12975876.1051	4826165.18218
1525823323	12958658.3547	4830329.89443
1550919621	12960000.3147	4826140.50542
1570011465	12964566.0331	4828128.37602
1525791540	12949004.1782	4835465.81241
1569792105	12967780.641	4839227.79193
1542175799	12962382.6222	4834744.61375
1541625736	12945288.872	4826944.75111
1525770682	12944299.0974	4831563.87225
1541628780	12948394.0962	4837931.80001
1525930196	12951038.7199	4829264.45179
1568919962	12967529.4124	4839019.34708
1526028830	12963004.8938	4833530.96722
1525823862	12962367.4269	4834746.27767
1541950810	12953390.1582	4838392.05612
1542167168	12961726.8542	4833261.28999
1541950798	12951225.0262	4839361.8938
1572040396	12968370.5628	4838720.22197
1550508454	12963121.1238	4833768.57751
1542167161	12959668.412	4827722.69028
1525833920	12952524.5395	4837973.02085
1549627941	12964762.0688	4827045.31718
1526063293	12965946.7883	4825719.07292
1570708827	12963705.858	4828629.41193
1561647165	12962141.4904	4832462.77578
1525950983	12944907.7099	4819914.50261
1561692912	12953787.8848	4820605.45666
1526014770	12957752.5382	4839341.33834
1525903079	12957770.2827	4839260.73821
1525909437	12952072.0654	4830678.87756
1547141736	12953344.3942	4827186.01887
1545448470	12963410.0455	4833813.51347
1525952557	12955580.9607	4825539.13153
1525869910	12955237.5586	4826203.40454
1562566473	12958509.1405	4824219.04539
1561646805	12961776.8929	4829666.5859
1525973980	12952737.2066	4829212.16169
1550269996	12965478.4398	4825805.92241
1570002666	12952079.446	4830643.05306
1542122626	12960862.3711	4821447.46769
1561825859	12958203.1421	4836575.77742
1570009638	12960538.9288	4831320.02358
1526000756	12962945.2037	4821499.96212
1542169445	12965691.4742	4835731.74456
1525934465	12966839.3131	4825974.88216
1569719764	12944345.4068	4825814.4802
1542167769	12963866.516	4827431.45648
1525804959	12958387.1775	4822022.0318
1548020906	12958585.2393	4822347.12196
1541790309	12970177.1531	4844303.86593
1542045437	12972217.0827	4828133.3355
1525892456	12957870.7608	4817586.69525
1569721611	12944746.4953	4825434.30216
1525778631	12953266.5365	4835572.16704
1570006842	12956316.746	4820752.46674
1567656665	12953256.1837	4826210.71943
1570013150	12965191.0877	4827387.37384
1561651784	12966799.7164	4836607.10843
1542162377	12958326.2628	4836886.67523
1525804585	12959663.3135	4827598.24652
1526062441	12964549.4463	4826585.43391
1570013259	12967546.5781	4826714.3176
1525912880	12964637.3006	4829760.52754
1549715933	12955578.6453	4829855.62701
1526078556	12981207.5207	4828222.40416
1570001433	12952082.3514	4830628.98074
1570001431	12951899.4627	4830305.19274
1570011075	12963078.8442	4826960.04703
1549899822	12960207.7163	4831019.62896
1562590468	12948520.1669	4841094.49739
1525804564	12965564.5798	4835580.415
1568870662	12945225.7532	4832467.73745
1526027142	12967569.5769	4821492.59295
1561825724	12966499.7739	4838045.05642
1570959850	12947803.2616	4827365.83139
1526022992	12965552.2454	4838956.01835
1567661032	12958840.9207	4817623.95987
1570641719	12957159.5217	4829627.22207
1570013553	12960668.2611	4826587.37113
1542135264	12966838.0663	4826015.59021
1570005509	12952110.2261	4830496.05397
1567661034	12965468.6436	4825436.32588
1525781108	12961583.7292	4825522.47902
1542041905	12973034.9781	4830596.29485
1570013845	12956346.2015	4830935.51028
1541630270	12948633.8365	4831981.60683
1526062167	12966863.6924	4826743.59316
1526082299	12954801.8939	4826145.57955
1525869984	12962843.7014	4826580.89446
1542121156	12965276.6488	4821259.18074
1542093431	12941822.5457	4821830.71381
1568871016	12948191.5816	4835137.52393
1525760699	12985531.7288	4828421.48131
1525820999	12967771.5127	4821489.55858
1569719942	12954066.9324	4825402.78996
1525799200	12964846.7839	4827145.50837
1542158622	12963141.4175	4828677.27419
1542085048	12945292.835	4820245.99557
1542086908	12949719.4359	4823822.4529
1525883703	12962528.085	4830646.77001
1526068257	12964687.7066	4830569.24953
1542026267	12956280.7672	4838378.76876
1561648748	12965678.0156	4831332.91085
1526037430	12952545.824	4827837.67962
1561683767	12958595.8593	4822058.63407
1525906838	12955081.8878	4823486.92272
1542160960	12961825.2506	4830895.07109
1542122028	12958687.0755	4817770.79538
1525837661	12962540.1967	4830617.15017
1561805991	12948302.8911	4821990.55944
1525956454	12963889.2255	4829119.38214
1525812769	12953837.4114	4837594.28199
1562572577	12979200.8203	4849965.44029
1525830039	12958866.6358	4830331.62991
1548138409	12978997.7602	4826354.11253
1525805958	12959685.3995	4827015.96843
1562045375	12947110.7911	4845472.7275
1525798129	12970211.707	4843829.06707
1542092437	12944274.1615	4825815.20298
1525992612	12936480.1094	4828611.77092
1525830036	12959825.5746	4831582.38643
1525784248	12961727.9118	4833198.34563
1567655762	12953256.4843	4826237.85394
1570012305	12962985.8357	4826972.01777
1549618699	12948491.346	4830912.88977
1542173150	12961288.7739	4832265.58392
1525869774	12964304.8747	4827053.26882
1542178117	12965579.1628	4831618.5181
1542122470	12958711.8777	4818435.46797
1570012779	12958612.2902	4835013.89769
1525935334	12958885.2263	4817585.6842
1569722122	12945783.314	4814227.48038
1525798536	12964641.0632	4830599.1874
1525778726	12947245.3111	4827821.42806
1526080550	12979248.1205	4849503.74175
1525805170	12967172.9413	4825975.51822
1542043424	12969081.223	4826589.22161
1547694360	12955592.6717	4829849.14818
1541637306	12948884.976	4837391.08205
1526022927	12960295.9713	4848014.99525
1525878763	12955248.6016	4825955.91596
1570008264	12958259.9268	4824909.88299
1546325992	12962734.0617	4830486.36403
1526026721	12960715.784	4824490.2811
1542086836	12949213.9064	4820295.82522
1570780637	12963717.658	4828629.41193
1525828530	12958294.7813	4825954.26799
1570010954	12962293.4209	4826573.29016
1525880181	12959667.5882	4827501.0291
1542000855	12969006.0593	4825998.01171
1570003870	12947597.1736	4831873.85911
1541639357	12953303.0163	4827173.31052
1525962244	12948295.3993	4838919.09247
1568535422	12945350.0761	4838880.58895
1568867908	12946914.3324	4845408.57489
1525955047	12948678.3425	4839167.48722
1525934637	12958505.5782	4824112.20666
1568919944	12967751.2523	4839121.4845
1561981038	12950957.5559	4806723.20518
1525929497	12948755.3764	4831980.18928
1526060724	12949822.5634	4814468.66721
1542064077	12968013.4014	4809288.56559
1562156482	12982085.6184	4846061.21586
1541632089	12948288.6198	4838023.98267
1569038994	12968388.4631	4839855.87466
1525763634	12953711.0401	4830260.18606
1572235136	12966897.4003	4837936.11314
1568840264	12982121.2299	4845955.51508
1542171857	12958338.9422	4838035.1998
1525851935	12954918.8697	4833561.02987
1570012604	12961698.3339	4835054.33939
1526015457	12952428.5366	4838736.79557
1525851468	12945289.4954	4826892.79142
1569721847	12954245.3461	4823472.83175
1526008423	12953734.9963	4829122.38994
1561693754	12953716.8288	4820567.44389
1525908587	12965778.6717	4833338.03607
1526051144	12966003.406	4833517.19457
1562580270	12964028.9107	4827171.09849
1549344301	12962294.7568	4826527.69341
1567660284	12958801.8694	4817664.95111
1525985487	12936215.4778	4828633.0269
1570011925	12962143.7503	4828311.41578
1525799235	12962088.9248	4827650.96179
1541944401	12951234.6443	4839383.43365
1561701874	12944181.3646	4831472.45903
1526044608	12969169.0328	4836480.64174
1541636145	12948028.43	4835096.77803
1561808231	12956316.3898	4820732.58593
1525935846	12964590.9689	4829272.60769
1525972262	12947917.5768	4827259.43553
1526062944	12965383.0157	4827036.49809
1526068443	12958278.6398	4831207.94402
1525938487	12965381.4572	4830561.61321
1542133951	12958710.7645	4818470.42462
1562566307	12958632.5172	4817831.11325
1562566301	12960007.339	4826130.01023
1547165861	12958611.3774	4837676.83678
1526068445	12959689.6742	4826520.29155
1561808955	12966406.7988	4825973.50884
1570011558	12964566.0331	4828120.43796
1526028516	12959755.6429	4826215.05632
1525777285	12975360.4231	4849301.88862
1525937958	12964554.3444	4826843.34756
1570008562	12956316.7238	4820770.12254
1525960999	12951416.9431	4843444.74362
1570008560	12958184.5627	4824871.82467
1525892490	12961164.54	4825424.12573
1526059438	12954801.983	4826165.18218
1525886557	12952229.5842	4842018.54274
1542156185	12964441.0199	4826400.47468
1562568253	12960977.7884	4821870.2487
1562586917	12958683.5911	4857362.67254
1542026115	12956279.5538	4838405.01059
1526001823	12963604.4448	4828645.17319
1525842113	12950714.554	4803263.64946
1525771196	12948921.8231	4837273.56378
1568840626	12979231.7007	4849727.91518
1546287962	12964841.1065	4827044.4931
1525784099	12955238.6273	4826165.18218
1568534164	12975120.5715	4848796.62197
1561630667	12953301.8363	4838405.50271
1568868809	12960098.9114	4847833.36935
1525801208	12949365.1689	4835550.54874
1525803084	12962304.7311	4825820.84071
1526064547	12962827.6713	4826862.17089
1526071805	12957750.2004	4839384.76542
1561650882	12959687.7039	4834244.39408
1525771389	12953874.9932	4836497.51545
1541940013	12948530.3082	4841016.0256
1541635867	12953398.8968	4830555.59673
1525982504	12950151.5384	4832049.12875
1562329611	12959716.3912	4825809.73872
1562330511	12960483.8807	4824452.15212
1542174008	12962502.5146	4834541.60306
1568535251	12951377.491	4843543.82806
1525939549	12958175.2674	4837998.78396
1541637134	12944737.79	4826437.02098
1568840741	12979153.5535	4850001.88614
1570012904	12964570.0406	4829339.99529
1569407954	12936047.25	4828639.53384
1526026948	12956079.8556	4819622.32999
1542173092	12966988.1823	4828277.62424
1568536137	12967969.0401	4839259.2038
1542178011	12959619.275	4829268.70327
1562331026	12960521.8188	4821943.77015
1525920536	12965874.9419	4827448.25681
1570012519	12968861.7876	4827055.55311
1542170885	12960547.1442	4830805.03808
1542157845	12963802.2951	4829140.74045
1570007052	12958227.8776	4821993.13156
1570007051	12958276.0683	4822004.54714
1563974181	12948679.4	4839139.89714
1541790706	12979263.4048	4849506.40804
1569719654	12944735.9977	4825808.69791
1570516919	12957073.5487	4829632.34138
1561686611	12958353.1134	4819329.1837
1561684540	12958400.6473	4819312.51282
1561819136	12954392.9462	4833514.7641
1561703710	12944737.6119	4826515.20277
1525822924	12959617.8279	4829313.82108
1525820714	12959031.7244	4830762.93618
1526012903	12959872.5296	4836160.10466
1541626520	12953416.1627	4827189.14174
1562156390	12981685.9325	4846136.30944
1570006880	12958184.1285	4824905.67677
1570013207	12964236.0785	4827054.57
1525830558	12965988.2886	4833562.21618
1525879908	12963658.3909	4828645.08644
1525783947	12958080.2441	4828601.5912
1526012436	12959721.5565	4826215.66348
1525893471	12959619.1637	4834210.48083
1570010297	12966526.925	4831710.03394
1548527718	12956325.9411	4830935.24994
1525908645	12954783.8377	4826756.45997
1570012034	12959742.3512	4836154.48993
1526076123	12955996.6768	4838485.74844
1541953596	12951213.6269	4839330.62636
1525895972	12947098.1451	4845468.91802
1542004604	12980605.0085	4825830.62725
1526063305	12957927.2449	4822584.67854
1570011148	12959097.3145	4837827.47502
1525969073	12949121.7328	4832527.98652
1525906976	12961165.5641	4825356.67826
1569720870	12944746.1613	4825639.27845
1542120351	12964152.4989	4825710.16829
1525903650	12945334.6026	4838728.60285
1525806638	12957881.4698	4828178.4481
1526083895	12953809.2695	4826823.30985
1525822689	12955234.7088	4826263.08029
1567664689	12968900.7944	4823879.33924
1525804330	12965876.2777	4827573.17578
1525804333	12966006.6343	4833547.40185
1571219187	12966796.1652	4836610.56715
1525920492	12956469.7452	4830805.74677
1525867864	12960021.6771	4826078.50298
1526015693	12950654.1736	4839398.66212
1570013565	12962050.6305	4830529.62175
1568755358	12951075.144	4806349.62174
1526048554	12945370.4478	4820412.88039
1570012586	12963374.6789	4833807.98689
1542124500	12965169.8366	4821143.2136
1561826035	12966018.9241	4833540.92058
1570013298	12962294.0666	4826551.14232
1526061695	12967400.5921	4821503.14098
1570004228	12950052.6967	4834793.6923
1525859086	12953833.1366	4837510.80162
1568870885	12954127.0456	4828092.53191
1562567841	12968083.0993	4821131.35111
1526001539	12963897.953	4828937.99025
1525821433	12957285.392	4829439.22655
1563964976	12948578.8886	4837826.43293
1541643003	12948609.2123	4837828.05396
1541625892	12948904.5684	4836104.82574
1570009753	12968731.0192	4827055.42299
1542027360	12967216.2339	4838277.37725
1525900919	12944967.2442	4825218.19991
1525805895	12961712.6608	4835084.53693
1570714630	12964395.7681	4825878.70716
1570008002	12961579.1762	4826008.31884
1525900913	12944974.8586	4820231.64919
1570005691	12964459.3878	4821093.27851
1570012292	12965082.1158	4828661.94668
1542089026	12949651.3967	4823979.93174
1526013069	12958630.7472	4835069.77818
1526011581	12967034.1244	4825972.33791
1570006127	12956331.7075	4819699.99528
1526038155	12944757.3824	4825609.78936
1547271336	12953898.4262	4836254.13743
1570002052	12951051.0431	4829264.23488
1525998937	12950100.0637	4832033.91169
1525882557	12955255.9043	4825860.62296
1542046918	12969279.3739	4836479.97605
1525937148	12963774.3425	4829140.66814
1525907284	12975654.4656	4826095.35882
1561684438	12956363.8792	4819568.81988
1526023566	12950567.3435	4839567.91397
1550754579	12970014.6248	4818954.74581
1561805810	12948301.8447	4821998.9983
1568877106	12958265.6153	4836799.79998
1561646402	12965204.012	4827039.53417
1542175558	12958040.0684	4826780.87805
1525925292	12958098.3003	4839617.5378
1541639394	12953793.4174	4826825.16038
1542076726	12949648.3688	4823711.45612
1568771114	12962697.003	4825692.18558
1542128813	12964412.1656	4825843.96991
1542076353	12949800.4552	4823827.09225
1525938442	12955251.8077	4825808.81356
1570801258	12968948.0612	4827057.82295
1569992547	12975872.5428	4826098.25005
1525911516	12967173.0526	4826165.18218
1525878656	12965277.0829	4821137.23178
1525846665	12945350.4101	4838507.4311
1541631886	12949379.0618	4835319.03045
1525968227	12952593.2689	4836396.99719
1541952363	12951429.5	4843456.24212
1526062195	12965387.8693	4830443.59822
1541952333	12949175.3004	4844102.32271
1526020233	12945435.6818	4820439.72439
1526053255	12958044.4211	4826672.89826
1526068564	12959645.2128	4828505.63629
1542168216	12956288.1143	4838218.96
1570002603	12949078.5627	4831503.55678
1562601555	12953824.6763	4837742.71902
1541633287	12949302.8405	4835478.34339
1526029707	12948033.6175	4834967.59612
1526083599	12949119.7291	4832769.91231
1541952330	12951047.2693	4838854.91037
1542042500	12980340.3213	4828094.5851
1570007239	12956303.9775	4819700.81874
1541631079	12953895.031	4836332.39746
1569720580	12949131.6515	4820251.44229
1570519209	12957178.7913	4829624.44549
1550085931	12962284.5153	4826571.84448
1542157396	12963640.5795	4835102.33428
1525798861	12960572.5142	4830668.17503
1525866890	12952625.5519	4836282.38506
1525907370	12970053.5871	4819465.70107
1525759856	12969418.0572	4836479.77345
1570013790	12959668.4343	4827482.219
1525921945	12950574.0672	4831506.82567
1525806448	12964549.847	4826602.17496
1568770340	12965468.8328	4825793.50497
1562567930	12958496.3163	4824707.46584
1570010768	12959393.7059	4830755.06831
1542156435	12962500.8782	4834494.78286
1562014302	12954717.1566	4828477.87374
1570009212	12957975.0571	4822598.20465
1562565647	12958655.7276	4817802.68754
1525871016	12959306.3303	4818107.22826
1525955473	12947504.4211	4846545.85772
1542117934	12960873.1914	4821447.80003
1526028358	12960285.7521	4834677.37712
1562602228	12949249.2952	4830794.62468
1572037955	12945333.712	4838878.56245
1561808468	12966420.3243	4825972.91615
1526068121	12964382.4652	4827051.67849
1570001527	12949310.0763	4830722.10721
1525784020	12963433.1223	4833401.45873
1546596217	12953381.7535	4827188.15861
1525773770	12950509.6793	4803242.50592
1542162381	12959814.1753	4831565.49224
1569792052	12965673.1286	4838964.81921
1572037870	12947690.6718	4845742.43668
1525908788	12950801.4843	4838139.02042
1570002178	12951945.6385	4832169.72337
1525806370	12965804.9212	4833372.29351
1541629473	12950574.9912	4831497.42401
1541628920	12953263.798	4826533.93874
1541628921	12953209.9634	4835569.76501
1541941725	12949189.772	4844080.59869
1561981533	12950842.5282	4806728.77426
1542175247	12957160.2007	4829638.93576
1525839320	12957765.8967	4839342.35164
1525816818	12947532.0732	4846432.05396
1550265564	12960649.5259	4824489.38496
1542171004	12959839.0221	4836158.65756
1525801922	12944436.5785	4825823.00907
1525798626	12961739.222	4832972.90081
1568876613	12966662.0349	4831766.44527
1542076549	12945746.979	4814501.01073
1547881416	12957241.3424	4838580.10747
1542156750	12964500.0088	4827642.24336
1525829532	12959601.6864	4818283.62469
1525798733	12960683.3896	4826227.77788
1562547158	12954068.1012	4825298.36679
1525833985	12947701.726	4827826.05483
1525892334	12967149.4526	4825974.5063
1568876910	12958342.6492	4837010.02116
1570003394	12948482.0841	4831036.46436
1541638566	12953729.4748	4828986.1143
1526045416	12985036.129	4828167.57478
1542135259	12958131.1844	4825958.6915
1570012934	12964570.7197	4829348.36816
1570007067	12955401.6342	4825536.54403
1526063234	12961190.5667	4822043.27353
1562578611	12957826.8448	4837143.96245
1525998612	12951125.55	4829349.36596
1541638680	12949367.6625	4835481.55572
1561650649	12962050.0739	4830506.48152
1525911833	12965477.4602	4825480.84788
1550736414	12955330.5337	4825537.28125
1570013010	12961816.8125	4834896.66834
1526059311	12951064.9025	4837401.96559
1526067770	12958643.883	4830646.77001
1562560090	12980580.7183	4825976.00972
1542077299	12945742.1699	4814537.28179
1561808298	12967610.543	4824686.42071
1525820315	12962119.538	4835898.90725
1526068146	12960570.9557	4830789.80849
1525880063	12959646.3928	4828414.07802
1542041384	12958726.0934	4857629.18544
1542165754	12961911.6355	4830891.36851
1538894825	12952502.8097	4841843.92016
1525944302	12957828.6815	4837184.99183
1525823901	12959644.9901	4828521.97574
1541628174	12951964.4183	4830265.5371
1541628176	12953837.6785	4837587.33491
1525973251	12948317.6634	4836268.7822
1541946259	12947560.883	4846330.53564
1568840260	12982147.5127	4845883.81245
1526011427	12957853.7287	4817576.44029
1562546795	12948037.113	4821960.60445
1570012364	12965191.4328	4827343.00223
1570002016	12945268.1664	4826431.52746
1541941820	12947585.7521	4846258.51157
1562045624	12946932.9452	4845413.87626
1525833747	12945268.812	4826287.62725
1525771248	12948113.568	4827188.3321
1542164182	12963899.7341	4829375.0486
1525942677	12960727.25	4825232.94386
1542111259	12984646.8405	4828640.40143
1525942671	12966763.9713	4826017.67187
1572222101	12973022.9555	4830571.85282
1568868817	12960095.5941	4847616.51222
1525782317	12959670.2599	4827578.38078
1525901775	12968144.6597	4809083.79993
1546594509	12962519.0569	4830655.12953
1542118628	12958065.9728	4826138.71285
1525936092	12961702.308	4835064.27982
1525780888	12966792.4694	4825977.889
1542047179	12973102.817	4830516.09917
1525998769	12953738.0242	4829164.73064
1525883787	12961728.5797	4833063.80722
1525784713	12960572.6255	4830656.74937
1542049904	12980342.5254	4828101.32303
1570013533	12956441.5143	4830936.60949
1541635673	12953256.9073	4826275.68626
1525783090	12958590.9278	4822173.02247
1525955348	12952191.1786	4842017.38437
1561706946	12952883.5822	4828229.73501
1542081659	12949087.4572	4820227.58944
1525798813	12959563.9264	4826473.91438
1562604151	12953828.0493	4837676.14207
1550820087	12960380.5194	4831026.58585
1525933242	12959687.8597	4826479.45129
1526067001	12958127.0878	4837986.91555
1541998572	12969002.1408	4825888.84069
1526053217	12959622.392	4829166.46592
1525973492	12947992.9854	4827254.72227
1526039737	12961232.312	4825509.29581
1542170462	12961578.5305	4831791.51225
1542117899	12957411.7966	4814962.5671
1525880416	12962207.4814	4828244.78712
1525978944	12969160.0158	4836480.64174
1567655796	12953252.2875	4826835.10694
1541644898	12953259.3007	4826645.71917
1525909342	12958046.5362	4826615.50421
1570006686	12958216.3782	4821989.99589
1546982823	12962052.9682	4828236.9791
1542175761	12966739.5698	4836648.94598
1570013743	12963156.1119	4829319.28729
1525834321	12953155.4162	4829256.81649
1548792599	12958753.2111	4857761.50917
1525825318	12944849.6896	4820040.68388
1525759762	12972214.9453	4828023.44671
1525993737	12968024.7673	4839407.9266
1525834249	12954776.78	4827072.5552
1525867000	12945267.8101	4826513.29448
1541948738	12951228.5884	4839326.9206
1569721427	12944745.2708	4825598.34067
1526008243	12952049.1333	4830789.51922
1526064490	12959688.0712	4826927.92273
1542081272	12945766.2152	4814200.68221
1561703641	12950310.0591	4829256.35375
1525803990	12967169.713	4828276.77114
1525951233	12952840.5122	4825100.68276
1525815103	12968115.3823	4809125.36172
1526008269	12953223.4554	4830813.38328
1569791691	12966593.2276	4840251.21915
1570081204	12952642.3614	4827837.62178
1526003925	12957343.7686	4838583.56689
1541633003	12945646.7681	4837957.17223
1542092853	12949646.0533	4823815.05308
1525909900	12947553.1128	4827823.88603
1542001805	12978891.6716	4826102.1532
1542175669	12963137.41	4829319.51867
1525893556	12962004.7664	4827650.8172
1525950244	12953959.1739	4829311.79656
1526068104	12962018.9041	4830482.61822
1570007193	12967755.2042	4820411.26224
1525800881	12950161.8022	4834798.62621
1526065554	12958588.9685	4822224.01792
1525940075	12959713.5414	4826589.68423
1525922892	12949836.1	4814285.69735
1525936623	12970082.575	4819706.92971
1526062233	12958317.3794	4831207.51011
1570004723	12953916.2821	4833616.85869
1525934492	12958705.9777	4818626.71989
1561981656	12946358.7864	4812156.54049
1525890276	12950926.6867	4837196.13565
1525942468	12967580.375	4824868.1099
1561686229	12967661.8395	4824590.67749
1525900337	12954779.229	4827008.47946
1568876986	12966621.4808	4831749.24701
1561650479	12961782.1472	4829610.12879
1525823515	12959704.8807	4834245.49366
1542047855	12972202.1212	4828135.18627
1525939397	12964571.5991	4829359.08371
1526072399	12950696.4755	4839218.44077
1525800946	12952053.4303	4830768.02716
1525813123	12952055.8126	4830758.85762
1561819377	12950317.3617	4834816.42304
1542166633	12963877.47	4829138.12308
1542156792	12964557.4614	4826398.79771
1526049936	12960723.799	4821948.04736
1525912449	12959674.5346	4826479.21999
1568766253	12969256.9761	4820279.06602
1525836346	12955705.2837	4825535.43097
1525890154	12953126.1611	4830694.35285
1525937317	12960536.001	4825211.11704
1526081139	12947811.8221	4827262.90541
1541790392	12970191.9364	4844037.61425
1526084148	12952099.3835	4830547.26622
1525956849	12962070.8686	4836556.21187
1525784226	12954972.081	4833562.62126
1525960893	12948281.5287	4838933.19116
1525812932	12953297.8177	4835574.39544
1525944001	12955443.7468	4828516.48105
1525856615	12954800.6471	4826255.53407
1525987863	12936429.2581	4828609.45734
1525812939	12954076.0607	4827885.62477
1526065883	12961450.8568	4825512.30251
1568868744	12960096.5737	4847412.75665
1570013197	12962672.134	4830530.63414
1526050926	12960571.5123	4830734.12592
1542028635	12957386.794	4838940.31289
1542165502	12955704.7048	4829793.35526
1525883194	12962171.5025	4829054.59894
1570003117	12945268.4335	4826370.52069
1572051270	12965237.898	4828643.48139
1570012500	12964376.9994	4826401.12522
1542166328	12963754.7389	4828629.87465
1525879215	12958504.888	4824564.22686
1525952436	12955243.2582	4826061.84956
1561692246	12944850.8028	4825219.50085
1570008705	12958290.1059	4822007.87067
1567657836	12967058.2142	4828277.46519
1569791581	12965571.7377	4838957.42244
1526067731	12962159.6135	4827651.25095
1569408105	12936118.9628	4828626.51996
1525763522	12950534.5261	4831803.08387
1525860780	12944798.816	4820148.31631
1570010179	12965178.0743	4828662.23587
1542161457	12962383.702	4827652.26304
1561805945	12948292.0151	4821998.2469
1570004036	12949978.3345	4834790.30657
1525860141	12953738.7367	4829197.35392
1526011503	12967172.6073	4826015.99498
1525758905	12947932.427	4846639.26587
1525812708	12950174.938	4832040.65232
1542169875	12963701.6723	4835185.44688
1546777913	12955512.8992	4829885.17224
1541946562	12952057.3488	4838901.69349
1570006047	12958280.7549	4824911.03935
1542156708	12968800.116	4834710.65536
1562580513	12959706.2388	4826820.9967
1542157562	12961273.1556	4832345.56244
1525949892	12952524.5395	4838011.46291
1563965479	12948882.3154	4837411.44527
1561671278	12966490.0333	4838271.18234
1525856895	12949089.4498	4835469.5746
1570011772	12962349.3707	4829033.45772
1568535496	12951463.8759	4843398.08363
1567660943	12965468.8774	4825461.3478
1525953254	12963172.3201	4821505.42399
1541625880	12951995.41	4830228.16666
1570013049	12962234.3876	4827909.72757
1542001940	12970015.3484	4819000.24966
1525902938	12968331.9011	4840169.96007
1570011398	12962244.6625	4827754.19546
1526040778	12959211.0843	4836516.73356
1526084641	12954802.8735	4826048.23194
1561685631	12956362.1649	4819625.56603
1541629047	12952083.6428	4830622.76174
1568770288	12960479.695	4824480.36581
1567657948	12966916.9259	4832033.76704
1525879326	12966545.2038	4826025.96963
1525766379	12958471.7812	4839611.3131
1561817789	12966756.702	4840213.36186
1525904418	12981314.678	4828388.74493
1525784482	12959616.1581	4829366.02496
1550081354	12958304.6109	4828591.07891
1570004428	12953916.3934	4833601.8128
1569718612	12941861.1851	4822255.07196
1542165693	12958668.1955	4835215.08051
1525970754	12954801.5377	4826154.05089
1562566670	12958513.7714	4824324.49775
1570004219	12954840.6001	4833558.75853
1561647990	12962609.7498	4828846.37011
1569718705	12944736.187	4825815.17407
1542091354	12954239.5908	4823528.4298
1568534206	12981695.7287	4846081.14805
1526019049	12953073.1725	4835563.77439
1570006762	12967755.7051	4820423.68733
1562046112	12950587.2921	4839542.20464
1525940183	12962479.3265	4829031.69355
1570522118	12975314.8261	4848968.03587
1541948261	12951083.9606	4838987.38592
1562548529	12948292.683	4821989.57684
1542167573	12968800.5724	4834674.77274
1526084342	12951064.2791	4837383.10755
1562603743	12954789.4371	4827073.84192
1570004867	12949310.978	4830712.4315
1525824525	12950104.6278	4831984.29728
1542048114	12969078.3064	4826711.10814
1541644913	12953132.0834	4835566.17642
1526037553	12953423.1648	4826235.43973
1525900268	12953502.4251	4827191.62847
1567659214	12948932.1759	4816248.41145
1525825452	12952828.4896	4825069.31618
1570006036	12961587.6477	4826008.04417
1526080034	12947762.3957	4828176.2503
1570011690	12959672.709	4827501.31826
1568760761	12969450.1176	4836479.77345
1547715772	12958707.1466	4837675.05658
1525900263	12948862.4669	4835460.31384
1525851670	12945650.7533	4837943.37888
1570010309	12960670.9217	4826531.51
1568870817	12953257.8201	4835571.77635
1525813072	12951073.9863	4837271.01661
1568516178	12972822.0773	4830840.40035
1542118171	12958417.1228	4819306.50323
1525869757	12958933.0942	4830332.93153
1526052855	12963362.545	4828811.46329
1570007840	12958189.138	4824872.15712
1561647566	12962066.0595	4829653.16573
1526017832	12970177.5983	4844286.48636
1526019619	12953154.5256	4829276.25181
1542132281	12960591.5055	4825222.0449
1541641075	12954116.5592	4828041.86746
1525856637	12948455.7233	4837856.5377
1526012104	12978931.747	4826103.16513
1526062353	12963898.3092	4828946.08803
1542130021	12965276.6154	4821067.64642
1562591085	12953103.051	4838396.65893
1547513360	12960152.7016	4831017.38714
1525784547	12964568.8161	4829744.47525
1562559599	12969156.91	4823980.61103
1526059148	12947598.7543	4831842.63
1569993904	12952060.733	4838816.6966
1526029899	12951006.1252	4829325.53439
1541626317	12944464.2082	4831910.78742
1541795449	12979237.0218	4849997.46626
1525954040	12969002.2744	4825741.18998
1526063685	12958106.6048	4824901.26818
1542077038	12949747.3997	4823824.53411
1525978261	12950857.089	4838310.40717
1526065877	12957689.5307	4817672.05743
1570010574	12965772.3265	4833344.8644
1525850682	12985041.9177	4828176.2503
1525981950	12951907.1994	4831436.18325
1541628194	12948722.7149	4836171.97086
1525936926	12964568.9274	4828501.44298
1542080665	12949648.3688	4823743.59881
1570001748	12951889.6108	4830254.11192
1525915085	12967777.7912	4839132.36996
1525909252	12961909.3645	4827648.79302
1570010370	12962238.7625	4827787.32011
1569421153	12975141.2994	4848887.03772
1541999291	12978883.0887	4826101.96527
1550653817	12966905.3931	4832061.6409
1525911613	12967497.7751	4824653.17643
1570012098	12967165.3715	4826614.0007
1562559749	12969157.9007	4823876.30414
1526050562	12960012.1258	4831572.86898
1526000816	12957864.3042	4817581.35111
1525799073	12965875.7211	4827519.82478
1570012788	12963381.2246	4833809.01408
1542077953	12949809.7393	4825112.41996
1525820514	12958369.7447	4831206.00589
1542174059	12962088.1456	4829729.52207
1569994184	12952058.2394	4838879.4599
1542128247	12957685.9016	4817785.93259
1542173486	12965190.5533	4827731.81361
1526064061	12969157.2551	4824018.26122
1542028910	12966726.8347	4840091.59702
1526050521	12957073.5487	4829645.29875
1541951152	12951142.3817	4839140.70776
1526008903	12953147.5792	4829249.64395
1525830623	12960684.9481	4826530.93173
1542156680	12958745.3407	4835477.48966
1538436583	12952568.1772	4841820.98489
1525911571	12958520.1835	4817952.54455
1526047876	12953043.3385	4835562.61678
1525799034	12962177.3134	4826386.36506
1570007497	12964385.2705	4821095.12796
1526063437	12958590.5827	4822196.85114
1561651624	12967390.9295	4838105.3687
1526085169	12953715.4929	4820600.09643
1541942536	12948507.2648	4841158.34667
1542169350	12962609.6608	4828875.29051
1525882387	12967771.4014	4821335.81863
1548983710	12961195.3535	4821987.64053
1570011237	12962560.3235	4830600.53244
1546622141	12966794.4954	4825346.18391
1526041059	12960682.4991	4826245.55918
1525931121	12954067.8229	4825329.21372
1525934689	12962847.4418	4821021.90183
1525830285	12958444.1292	4826640.34119
1541947843	12951035.87	4838802.33753
1525919766	12965798.7763	4833352.61862
1568871220	12948159.3097	4835137.97248
1525870070	12963134.3375	4833770.66082
1568871382	12945248.6852	4832365.64035
1526081635	12948480.6592	4831015.40566
1525912270	12962287.5432	4829043.3776
1551064892	12966917.5048	4825345.54789
1525836545	12956245.3227	4819504.2152
1526037581	12953330.3233	4830643.53034
1569718983	12944604.6727	4825821.12983
1525809585	12968886.4786	4827055.81335
1570789951	12964423.9879	4825879.09747
1525837895	12965767.4284	4833354.12317
1569720805	12954067.578	4825349.86994
1538351314	12946396.1568	4811778.75231
1568870875	12945238.3769	4832367.07243
1525930300	12949973.4475	4834790.08953
1569408064	12936046.4039	4828628.29852
1570001831	12951965.8543	4832158.18025
1525939527	12958401.9832	4831206.78693
1541643168	12951968.5371	4830280.43326
1525892240	12965830.4804	4825717.91647
1561648965	12959693.2365	4834553.90136
1542065274	12968056.605	4809217.57756
1562578567	12966861.0429	4837892.66354
1525819334	12968044.2484	4821088.7127
1570790162	12964391.3264	4825878.66379
1563965478	12948514.8569	4837822.49616
1570009466	12964153.1001	4825571.04891
1545631432	12964756.1688	4830576.19163
1542134878	12958096.2742	4825058.07049
1570537578	12980371.1014	4828176.13462
1542021907	12967227.5218	4838268.01252
1570790048	12964333.5398	4825906.1877
1570013432	12962700.1757	4830504.00841
1525937947	12960156.5087	4831575.32789
1525908632	12950983.6829	4837197.87234
1525883222	12958445.376	4826609.34558
1570007074	12958189.2493	4824905.98031
1541627089	12948818.6956	4836102.84323
1561683564	12958594.2785	4822085.84382
1525921978	12951959.9655	4830224.46434
1525806574	12959119.7123	4837878.76897
1568876286	12958342.3487	4836994.30435
1567657865	12967384.6955	4838112.43193
1525876655	12948983.9178	4835464.94422
1570010024	12959693.7152	4836151.65362
1525930312	12948026.3371	4835144.87441
1570004153	12954892.8207	4833560.01718
1525932274	12956343.9973	4820587.49774
1525932275	12958493.6001	4817980.00293
1561651577	12962048.4263	4829694.12042
1541778932	12950842.3056	4806717.52067
1569993139	12950604.3019	4839538.73041
1526014870	12958241.2583	4839589.33847
1570007603	12960697.416	4821442.02031
1541635611	12954125.1531	4828080.12604
1525960817	12966477.9216	4840271.70413
1541635615	12953278.7818	4827047.91953
1542044796	12972218.1513	4828163.64189
1542161258	12958668.9302	4830330.47292
1562602191	12948183.2103	4827243.27167
1526053192	12958697.7623	4835324.29743
1561650560	12962513.6467	4830659.8155
1545859335	12958788.4218	4857908.55536
1525890682	12953125.8272	4835565.9449
1525802914	12967762.1172	4820604.0552
1570012696	12961914.129	4836604.95216
1525782307	12962081.355	4835870.54496
1525778796	12951736.5448	4832157.09537
1568770393	12965465.1704	4825725.86704
1525894593	12965519.0496	4835526.87575
1525783690	12955004.698	4825876.35086
1525831093	12964636.0538	4830347.10466
1568536250	12968193.6519	4838959.31867
1525893812	12963662.5543	4835177.14138
1561809408	12956319.8964	4820676.18015
1525933758	12960281.8559	4831022.66627
1525895142	12959970.2692	4831571.13328
1525973427	12950833.4	4838218.96
1561824834	12963143.4658	4828811.20301
1561649060	12959690.9433	4826835.51174
1526050007	12966955.2648	4825972.5692
1570001585	12954946.6999	4833562.33192
1570005223	12949108.7083	4832686.24153
1541635664	12953826.1902	4837719.79334
1570012991	12961796.04	4834921.90248
1542136223	12960545.018	4825212.85162
1525782282	12959136.21	4837898.88715
1526063480	12967770.3995	4820801.5043
1542164257	12964564.4523	4826767.33172
1570013411	12962502.8374	4834577.5286
1562559798	12969535.7677	4820083.70782
1525828046	12950856.5992	4838294.57248
1570009161	12964155.3821	4825535.98027
1570002167	12950547.6397	4831697.9851
1538377158	12952787.5347	4828423.0574
1561808039	12966402.2681	4825735.26318
1525830336	12958460.6937	4826641.49775
1525830337	12966865.4735	4826578.35006
1525907864	12959623.5943	4829126.55459
1539059451	12973318.8904	4831384.98083
1567656028	12948438.8916	4835134.16702
1525830331	12965391.0753	4830388.52504
1541644964	12948634.5489	4831988.66565
1550716466	12970014.9365	4818974.17521
1568871455	12945222.1909	4832490.69425
1542005196	12970016.072	4819044.88696
1525856284	12951950.2249	4832158.67206
1525808066	12968303.1804	4840293.15912
1542040060	12958728.1306	4857641.46925
1570722310	12968971.7057	4827058.06873
1542176730	12965190.5645	4827728.4014
1570004709	12954393.1132	4833493.83029
1526065347	12966417.0737	4826153.32808
1542081268	12949195.8836	4820286.08754
1525824092	12954807.3264	4826459.2264
1526051803	12968192.5053	4820985.20228
1526061105	12961329.7399	4825513.69021
1526027863	12970013.8233	4818897.25237
1542166428	12958134.9248	4827256.91987
1568766389	12969154.3718	4823693.63606
1542093794	12953713.3333	4820687.6231
1525893560	12962162.9531	4828271.10308
1525766323	12960502.4935	4847587.94214
1525851907	12949302.7403	4830801.37893
1541643936	12949277.6263	4835475.3047
1525943491	12967429.7581	4824655.92269
1525818600	12964881.2933	4821155.78411
1568870819	12953223.7894	4835570.28593
1526050423	12969002.8532	4825800.02449
1526041015	12959685.1769	4827022.4743
1525828605	12957300.6875	4814761.78417
1525818607	12967172.9413	4826151.73789
1570002828	12953901.0868	4833587.7941
1525900723	12949835.7438	4814306.95125
1561647804	12965686.0307	4831318.30238
1526059512	12949951.74	4832033.13059
1526043790	12947922.6308	4846636.71626
1525776524	12985551.7665	4828414.54073
1525795657	12966950.9678	4826016.13954
1526029578	12953725.2001	4829070.33196
1567660276	12965468.6881	4825441.87667
1542064226	12967989.7013	4809327.545
1525919724	12959644.5448	4828612.63851
1526061816	12963159.1398	4821505.1928
1542127731	12957341.0746	4814762.05852
1525921630	12945453.4931	4838033.40506
1541795915	12969978.5681	4844302.59143
1562591524	12948524.5975	4841070.98474
1547325201	12955618.8098	4829837.7524
1525763040	12954767.6962	4827217.36329
1525800570	12949111.6027	4832643.5674
1561632864	12953402.8042	4838410.53976
1526003677	12968303.8483	4840286.64444
1525778743	12952786.4103	4828453.72617
1550813942	12947982.3321	4846561.18425
1541626133	12944472.9358	4831822.84245
1525820645	12962661.0019	4830539.45637
1525804228	12966936.2735	4826743.44859
1542026450	12957391.8257	4838585.17356
1572037990	12945330.2165	4838906.22417
1525972027	12947450.8759	4827823.45227
1525823848	12958648.3359	4830536.70846
1525830657	12963707.7505	4835219.82653
1525805982	12958137.3739	4827244.34155
1562014679	12953805.5291	4826662.54707
1526012278	12965202.5648	4827142.47226
1525899657	12952975.6555	4828433.91654
1545912421	12948486.1807	4830956.39525
1526011939	12966591.914	4826023.45428
1525911442	12955547.0524	4825537.07888
1561645482	12965202.6539	4827099.95233
1541642558	12952042.1201	4830821.48261
1526050960	12959619.275	4834234.3532
1545312952	12966496.9797	4837790.88627
1526063503	12962800.2641	4825693.05291
1568769925	12962603.694	4825689.81487
1525878824	12967406.0468	4821464.12775
1541773406	12946253.9334	4811768.99419
1542134524	12956072.3748	4819518.74832
1561808247	12956338.6539	4820726.80664
1525878821	12967715.4516	4824442.90175
1570004636	12947610.5543	4831614.95989
1561808248	12956321.9113	4820635.72538
1562566408	12958507.0031	4824169.55718
1525879200	12957303.8044	4814773.33575
1570009787	12964628.7066	4828402.25012
1525794944	12952059.8424	4838701.593
1562579794	12959707.8418	4826789.53788
1525908039	12957280.6943	4829559.22512
1526062257	12965876.9457	4827645.323
1570789983	12964334.0407	4825877.65189
1525977428	12957774.691	4839102.20338
1541635654	12953790.9238	4826882.17976
1562547773	12944922.3152	4819885.83973
1525958794	12950733.6566	4803264.86096
1541795981	12975303.3489	4848879.06835
1525779713	12944757.516	4825433.86851
1525783710	12958322.1217	4825955.91596
1525908149	12964641.2859	4830672.51389
1567652275	12969080.3324	4826639.87857
1569792213	12966650.3685	4840240.14425
1562552184	12969571.6798	4836479.67215
1525859865	12953347.7784	4830615.76174
1569133900	12959296.779	4818141.34596
1542133165	12958549.3718	4817283.09501
1550843290	12966916.7923	4825054.13884
1525822701	12965875.3872	4827490.6192
1525894592	12958286.321	4827268.60181
1526049893	12954978.0923	4825877.21821
1562579032	12957825.7204	4837118.99757
1549711425	12959731.5976	4831163.68532
1542122594	12956323.5143	4820584.89709
1525908754	12967164.0134	4826662.54707
1561686907	12961029.0404	4821453.86873
1549818429	12958357.9224	4818729.77212
1561685356	12956362.4766	4819614.49993
1541637750	12951920.9475	4830297.19507
1525885762	12967507.5936	4839048.29749
1525798344	12958448.7601	4826471.48566
1525804244	12968799.0028	4834825.6832
1525851992	12945288.5158	4826855.92536
1542002372	12980591.984	4825829.78881
1526003796	12958028.1015	4839592.34948
1525921562	12953300.4003	4830679.16681
1525983893	12936216.0344	4828620.62034
1525834995	12949825.057	4814440.02019
1568871162	12948168.3378	4835137.63968
1542093421	12945299.915	4820206.42387
1525784493	12959221.3035	4836534.67823
1525934501	12966408.7247	4826022.78931
1525784011	12962602.5363	4829031.69355
1541948457	12947554.9274	4846348.87491
1561683498	12960892.4722	4821448.78258
1526048013	12947986.2171	4827254.9536
1568868995	12965505.6689	4838965.49954
1525944628	12964554.901	4826927.05529
1542163860	12964554.0772	4826767.56304
1546423608	12945282.1037	4826729.97459
1542164511	12959148.9339	4837990.67871
1525830850	12957830.3514	4837223.19924
1526062724	12965318.3384	4831545.67632
1525956468	12962162.9531	4826386.07593
1542165473	12959983.9617	4826165.18218
1570011224	12963252.4711	4829320.67554
1570002132	12949566.7485	4832010.30504
1525998916	12951076.8361	4837200.50634
1525857686	12952828.9349	4824982.44429
1567650037	12948079.7265	4847131.28134
1542162775	12961987.3001	4830436.75744
1542134799	12965152.1811	4821143.61817
1570013362	12962282.133	4826687.47091
1542162770	12963674.2429	4828644.85508
1525937124	12959658.3486	4827702.72307
1569721452	12944229.3327	4825825.26417
1525824113	12950778.6413	4838084.16455
1562603961	12948130.1993	4831045.08455
1569721456	12944375.7528	4825814.14771
1526012447	12958263.0104	4836808.56996
1542090696	12945017.7838	4819673.18219
1539043808	12955172.8702	4823504.29439
1542162573	12959671.529	4836150.35124
1541943391	12949190.8853	4844060.32299
1549038778	12956595.5933	4830938.40294
1549406037	12962072.5161	4828241.54824
1562045392	12951054.3938	4838883.6287
1526059082	12953734.2839	4829317.20492
1526001600	12958300.904	4838029.35241
1525933441	12955231.9258	4826315.44143
1568870781	12945214.5988	4832534.1778
1541954137	12952056.102	4838632.5778
1526051925	12967172.83	4826112.56163
1525851803	12951901.0768	4831463.23096
1570005164	12945268.5894	4826335.4781
1525798830	12956627.5312	4830860.82229
1525903569	12945348.5176	4838519.44489
1526019272	12953374.8516	4830587.53042
1561633289	12953111.2442	4838395.97864
1525803340	12964467.5143	4821093.07623
1541644884	12948844.8783	4836103.81277
1562602409	12954781.3886	4827218.23076
1525876932	12949229.4913	4835475.36258
1542002623	12975875.7043	4826158.06972
1525799196	12958579.2057	4837680.10772
1525998839	12948839.8688	4835459.15624
1561824983	12955380.4053	4828510.98637
1546779518	12958851.4739	4858186.55544
1525932910	12970050.1361	4819538.36664
1542169589	12959967.5864	4826189.41086
1542176528	12958671.3681	4835226.87322
1542083010	12944274.6068	4825824.74376
1570010809	12963176.9511	4829319.59097
1525876948	12954739.9773	4828295.39479
1525870079	12965190.5199	4827461.7607
1526076441	12958011.8041	4839593.50756
1549779728	12966825.6541	4825346.86329
1562933554	12950592.2793	4839818.17814
1562551815	12969088.726	4836480.78645
1550996942	12959835.6825	4831252.34756
1568760275	12969558.6441	4836479.67215
1542118846	12960613.1463	4825224.99369
1568535226	12951394.5899	4843555.64527
1567658053	12967051.8243	4828277.0314
1525938443	12963331.2638	4828645.46239
1525999347	12941822.7684	4822059.31323
1542002029	12969003.2095	4825979.50806
1525956445	12962609.6608	4828895.65053
1525830379	12962075.9003	4827650.96179
1542021528	12957316.1388	4838582.62604
1526014781	12958639.5193	4839699.35687
1525998464	12949114.6083	4832604.65453
1525933213	12962842.6328	4826705.80241
1525872854	12952593.6474	4841812.06563
1525890515	12953871.7872	4836599.39506
1542174062	12958824.3784	4830330.92126
1569038984	12968388.786	4839837.28696
1525806230	12959628.7596	4828719.15025
1542172341	12963003.4244	4833567.68476
1525797321	12956329.3921	4820466.45288
1525822173	12967833.9636	4821183.52597
1570010042	12965099.8047	4828662.00452
1541632434	12953388.3882	4830569.01812
1568535294	12948678.2312	4839178.19903
1547204444	12955184.2805	4828842.58154
1570011916	12963863.5994	4827061.94335
1561647500	12959222.439	4830846.22899
1570012815	12962788.0967	4826713.98509
1525974192	12948899.559	4837313.79771
1525939736	12959646.6599	4828397.62307
1542171347	12963866.6051	4827411.67782
1538247040	12946205.7984	4811763.2779
1562046083	12950596.554	4839526.10739
1562330639	12957238.0362	4814787.37095
1542165500	12964553.8991	4826760.79711
1542158833	12956586.1199	4830806.64348
1541997412	12969155.4739	4823753.29656
1525880469	12958446.0884	4826569.32899
1525998563	12954012.6079	4829312.66421
1567657980	12967317.6471	4838188.98439
1542077344	12949071.0597	4820218.73312
1562579216	12968458.0275	4834823.94692
1548350845	12962306.5123	4825896.01079
1570492034	12975359.7106	4849294.46955
1526029880	12948272.2668	4838016.26818
1570010896	12965735.8021	4835841.82099
1547116739	12945270.7045	4820369.9417
1570003786	12947606.9475	4831692.85024
1562559306	12980575.9204	4826038.30063
1569720714	12941861.085	4822239.4799
1525936729	12967168.7111	4828318.6744
1526073650	12969078.1951	4826688.39616
1525895066	12968211.8529	4839625.23907
1525824504	12948507.8214	4831981.14395
1542080074	12945756.9533	4814423.84852
1569994102	12948286.8276	4838848.3098
1525805380	12958385.7303	4822039.08298
1541770420	12950979.3191	4806710.68195
1541628906	12948814.9886	4836175.16894
1526053388	12964574.7161	4829434.42548
1542156217	12966728.7049	4836659.13406
1570003288	12951880.4157	4831543.1017
1525901188	12944994.4955	4825217.04352
1572222152	12972944.864	4830675.99944
1570008207	12967682.6231	4821646.68214
1525883136	12961308.7225	4832185.27334
1570445259	12949656.7401	4835551.01178
1525912912	12961729.2476	4833111.40178
1542127253	12964333.4285	4825913.11206
1525945028	12958067.0637	4827185.09357
1542170800	12963889.4258	4829139.42453
1525868146	12958294.2247	4825964.67626
1569718678	12941822.4789	4821855.29305
1569993047	12975894.3505	4826096.50085
1542046644	12969292.8214	4836479.94711
1525837232	12964551.784	4826642.68322
1541638944	12953152.0321	4829166.81297
1541948559	12949176.4136	4844080.59869
1570011327	12962286.9309	4826473.04698
1525803489	12957860.4525	4822580.05423
1562578302	12959692.0009	4826790.89686
1542128618	12968861.7876	4823878.47207
1569792260	12956039.0565	4838534.20883
1525823867	12966790.8664	4836603.09979
1526012734	12962157.1644	4835977.4828
1561705928	12952895.2041	4828229.33015
1525921899	12953875.3495	4836474.36113
1570004063	12951894.7315	4831490.56803
1570001664	12948628.8493	4836095.56438
1547976204	12962708.3355	4830490.91975
1525826961	12950587.3812	4803250.87103
1525934276	12967819.4919	4821294.78318
1570468927	12979019.657	4826105.40584
1526038256	12949833.6065	4814357.77598
1561651763	12963358.1701	4828629.02152
1542160210	12964503.5822	4826399.49163
1525836331	12963113.0085	4821504.96161
1525957608	12959828.6025	4831565.02939
1568871042	12953212.1118	4828035.12957
1526028847	12964887.7499	4827044.016
1525818952	12959486.4694	4818279.0024
1567652342	12969080.1321	4826648.98644
1541942502	12949177.5268	4844060.32299
1568871123	12954785.0845	4826705.73012
1525908361	12965385.0195	4830492.19246
1542132034	12958317.936	4819342.04081
1525931068	12948445.3483	4816063.01122
1542162901	12965696.6729	4835737.77869
1525806080	12959645.5467	4828471.07771
1525952827	12961165.8981	4825368.96506
1525950191	12950789.8736	4838110.55033
1526062642	12965376.8263	4830615.29894
1570010477	12959085.3364	4837800.03345
1525879972	12958446.8009	4826506.41307
1541626517	12948683.8863	4831980.21821
1525962403	12945322.8026	4838728.45811
1525893094	12966913.2301	4825236.26848
1542131358	12964784.7783	4821160.9568
1549412430	12958408.3284	4818726.79639
1526011293	12958499.8786	4824629.76096
1549298655	12963144.1003	4828768.44449
1525836290	12957852.0589	4822612.48224
1526084320	12951063.4776	4837199.81166
1526037112	12949317.7686	4830665.86097
1567658650	12949054.8959	4816215.369
1567658716	12949140.7464	4816212.59621
1525933797	12966863.8037	4826458.64813
1525816584	12951040.8572	4838218.96
1525849979	12948230.054	4836263.65942
1525799185	12963870.8353	4827545.56046
1541791771	12979024.2991	4849920.9374
1570011036	12967519.5271	4836980.06372
1542120341	12956317.1245	4820773.98024
1542158902	12965205.2143	4828662.32263
1525936374	12962027.6984	4830474.95304
1570012356	12956376.2358	4830935.8574
1525784155	12958019.9305	4827160.9781
1542169446	12960549.3818	4830744.68389
1526064429	12965990.0698	4830305.7423
1561686957	12966770.8286	4825345.43225
1525908628	12949064.6253	4835468.417
1542117765	12961355.032	4825513.69021
1568868755	12965551.2881	4838968.98804
1526068729	12966863.915	4826465.15363
1526011892	12967767.6165	4820733.30835
1570013100	12962290.7715	4826715.25731
1542177864	12964548.8897	4826535.26876
1546307668	12944956.6688	4825218.34446
1525894087	12972219.0419	4828178.21675
